# Created by Octave 4.0.0, Tue Sep 29 16:56:33 2015 BRT <fernando@fernando-laptop>
# name: alpha
# type: scalar
1.308996938995747


# name: S0
# type: scalar
0.2


# name: S1
# type: scalar
0.2


