# Created by Octave 4.0.0, Thu Oct 01 01:52:40 2015 BRT <fernando@laptop>
# name: alpha
# type: scalar
1.308996938995747


# name: S0
# type: scalar
0.2


# name: S1
# type: scalar
0.2


# name: S2
# type: scalar
0.2


# name: NtoC
# type: matrix
# rows: 3
# columns: 3
 1 0 0
 0 0.9396926207859084 -0.3420201433256687
 0 0.3420201433256687 0.9396926207859084


