# Created by Octave 4.0.0, Mon Sep 28 23:38:10 2015 BRT <fernando@laptop>
# name: alpha
# type: scalar
1.308996938995747


# name: S0
# type: scalar
0.2


