# Created by Octave 4.0.0, Wed Sep 30 23:05:19 2015 BRT <fernando@laptop>
# name: alpha
# type: scalar
1.308996938995747


# name: S0
# type: scalar
0.2


# name: S1
# type: scalar
0.2


# name: S2
# type: scalar
0.2


